$ 1 0.000005 10.20027730826997 50 5 50 5e-11
f 144 80 208 80 33 1.5 0.02
f 336 80 272 80 33 1.5 0.02
f 176 176 240 176 33 1.5 0.02
f 336 272 272 272 32 1.5 0.02
f 336 368 272 368 32 1.5 0.02
f 144 320 208 320 32 1.5 0.02
w 208 96 208 128 0
w 272 96 272 128 0
w 272 128 240 128 0
w 208 128 240 128 0
w 240 128 240 160 0
w 240 192 240 224 0
w 240 224 272 224 0
w 272 224 336 224 0
w 272 224 272 256 0
w 272 288 272 352 0
w 240 224 208 224 0
w 208 224 208 304 0
w 208 336 208 416 0
w 272 384 272 416 0
w 208 416 240 416 0
w 272 416 240 416 0
w 240 416 240 448 0
g 240 448 240 480 0 0
w 208 64 208 32 0
w 272 64 272 32 0
w 272 32 240 32 0
w 208 32 240 32 0
w 240 32 240 0 0
R 240 0 240 -48 0 0 40 5 0 0 0.5
M 336 224 416 224 0 2.5
L 640 80 640 0 0 0 false 5 0
L 48 80 48 0 0 0 false 5 0
L -80 176 -80 96 0 0 false 5 0
w 48 80 144 80 0
w 144 80 144 -112 0
w 144 -112 528 -112 0
w 528 -112 528 272 0
w 528 272 336 272 0
w 640 80 336 80 0
w 640 80 640 368 0
w 640 368 336 368 0
w -80 176 176 176 0
w -80 176 -80 320 0
w -80 320 144 320 0
