$ 1 0.0000049999999999999996 10.20027730826997 50 3 43 5e-11
150 1408 0 1552 0 0 3 0 3
150 1408 256 1552 256 0 3 3 3
150 1408 -128 1552 -128 0 3 0 3
150 1408 128 1552 128 0 3 0 3
M 1744 -128 1760 -128 0 2.5
M 1744 0 1760 0 0 2.5
M 1744 128 1760 128 0 2.5
M 1744 256 1760 256 0 2.5
w 1552 -128 1744 -128 0
w 1552 0 1744 0 0
w 1552 128 1744 128 0
w 1552 256 1744 256 0
x 1763 -172 1792 -169 4 24 Y0
x 1756 -47 1785 -44 4 24 Y1
x 1767 95 1796 98 4 24 Y2
x 1767 217 1796 220 4 24 Y3
w 1408 -144 1168 -144 0
L 1168 -320 1168 -400 0 1 false 3 0
w 1168 -144 928 -144 0
w 1408 -144 688 -144 0
w 1408 -16 688 -16 0
w 1408 112 688 112 0
w 1408 240 688 240 0
w 688 -144 688 -16 0
w 688 -16 688 112 0
w 688 112 688 240 0
w 688 -272 688 -144 0
L 928 -320 928 -400 0 1 false 3 0
L 688 -272 688 -352 0 1 false 3 0
w 928 -320 992 -320 0
w 1168 -320 1232 -320 0
I 992 -320 992 -240 0 0.5 3
I 1232 -320 1232 -240 0 0.5 3
w 928 -320 928 128 0
w 1168 -320 1168 0 0
w 992 -240 992 -112 0
w 992 -112 1408 -112 0
w 1408 -128 1232 -128 0
w 1232 -128 1232 -240 0
w 1168 0 1408 0 0
w 992 -112 992 16 0
w 1408 16 992 16 0
w 928 128 1408 128 0
w 928 128 928 272 0
w 928 272 1408 272 0
w 1168 0 1168 256 0
w 1168 256 1408 256 0
w 1232 -128 1232 144 0
w 1232 144 1408 144 0
x 633 -385 678 -382 4 30 Din
x 924 -422 960 -419 4 30 S1
x 1159 -419 1195 -416 4 30 S0
x 602 -493 1231 -490 4 50 João\sVitor\sMoura\sFigueiredo
x 1368 -476 1609 -473 4 50 Demux\s1:4
