$ 1 0.000005 10.20027730826997 50 5 50 5e-11
150 896 272 1024 272 0 4 0 5
150 896 400 1024 400 0 4 0 5
150 896 144 1024 144 0 4 5 5
150 896 528 1024 528 0 4 0 5
150 896 656 1024 656 0 4 0 5
150 896 784 1024 784 0 4 0 5
150 896 912 1024 912 0 4 0 5
150 896 1040 1024 1040 0 4 0 5
w 1024 1040 1376 1040 0
w 1024 912 1376 912 0
w 1024 784 1376 784 0
w 1024 656 1376 656 0
w 1024 528 1376 528 0
w 1024 400 1376 400 0
w 1024 272 1376 272 0
w 1024 144 1376 144 0
L -32 -128 -32 -240 2 0 false 5 0
L 176 -128 176 -240 2 0 false 5 0
L 384 -128 384 -240 2 0 false 5 0
w 384 -128 544 -128 0
w 544 -128 544 -32 0
I 544 -32 544 48 0 0.5 5
w 544 48 544 176 0
w 544 176 544 304 0
w 544 304 544 432 0
w 544 432 544 560 0
w 544 560 544 688 0
w 544 688 544 816 0
w 544 816 544 944 0
w 544 176 896 176 0
w 544 432 896 432 0
w 544 688 896 688 0
w 544 944 896 944 0
w 384 304 896 304 0
w 384 304 384 560 0
w 384 560 896 560 0
w 384 560 384 816 0
w 384 816 896 816 0
w 384 816 384 1072 0
w 384 1072 896 1072 0
w 176 -128 288 -128 0
w 288 -128 288 -32 0
I 288 -32 288 48 0 0.5 5
w 288 48 288 160 0
w 288 160 896 160 0
w 288 160 288 288 0
w 288 288 896 288 0
w 288 288 288 672 0
w 288 672 896 672 0
w 288 672 288 800 0
w 288 800 896 800 0
w 176 -128 176 416 0
w 176 416 896 416 0
w 176 416 176 544 0
w 176 544 896 544 0
w 176 544 176 928 0
w 176 928 896 928 0
w 176 928 176 1056 0
w 176 1056 896 1056 0
w -32 -128 64 -128 0
w 64 -128 64 -32 0
I 64 -32 64 48 0 0.5 5
w 80 48 80 128 0
w 80 128 896 128 0
w 80 128 80 256 0
w 80 256 896 256 0
w 80 256 80 384 0
w 80 384 896 384 0
w 80 384 80 512 0
w 80 512 896 512 0
w 80 48 64 48 0
w -32 -128 -32 640 0
w -32 640 896 640 0
w -32 640 -32 768 0
w -32 768 896 768 0
w -32 768 -32 896 0
w -32 896 896 896 0
w -32 896 -32 1024 0
w -32 1024 896 1024 0
L -224 -128 -224 -240 2 1 false 5 0
w -224 -128 -224 112 0
w -224 112 896 112 0
w -224 112 -224 240 0
w -224 240 896 240 0
w -224 240 -224 368 0
w -224 368 896 368 0
w -224 368 -224 496 0
w -224 496 896 496 0
w -224 496 -224 624 0
w -224 624 896 624 0
w -224 624 -224 752 0
w -224 752 896 752 0
w -224 752 -224 880 0
w -224 880 896 880 0
w -224 880 -224 1008 0
w -224 1008 896 1008 0
M 1376 144 1440 144 2 2.5
M 1376 272 1440 272 2 2.5
M 1376 400 1440 400 2 2.5
M 1376 528 1440 528 2 2.5
M 1376 656 1440 656 2 2.5
M 1376 912 1440 912 2 2.5
M 1376 1040 1440 1040 2 2.5
w 384 -128 384 304 0
x 886 -163 1127 -160 4 50 Demux\s1:8
M 1376 784 1440 784 2 2.5
x -284 -267 -155 -264 4 24 Data\sINPUT
x -47 -263 -18 -260 4 24 S2
x 164 -263 193 -260 4 24 S1
x 366 -265 395 -262 4 24 S0
x 1427 112 1456 115 4 24 Y0
x 1427 240 1456 243 4 24 Y1
x 1427 371 1456 374 4 24 Y2
x 1425 499 1454 502 4 24 Y3
x 1425 629 1454 632 4 24 Y4
x 1425 763 1454 766 4 24 Y5
x 1427 886 1456 889 4 24 Y6
x 1427 1008 1456 1011 4 24 Y7
x -283 -316 -161 -313 4 24 ALWAYS\s1!
