$ 1 0.000005 10.20027730826997 50 5 50 5e-11
152 368 560 608 560 0 4 0 3
152 368 448 608 448 0 4 0 3
152 368 336 608 336 0 4 0 3
L 16 272 16 208 0 0 false 5 0
L 64 272 64 208 0 0 false 5 0
L 112 272 112 208 0 0 false 5 0
L 160 272 160 208 0 0 false 5 0
L 208 272 208 208 0 0 false 5 0
L 304 272 304 208 0 0 false 5 0
L 256 272 256 208 0 0 false 5 0
w 304 272 304 368 0
w 304 368 304 480 0
w 304 480 304 592 0
w 304 368 368 368 0
w 304 480 368 480 0
w 304 592 368 592 0
w 256 272 256 352 0
w 256 352 368 352 0
w 368 464 256 464 0
w 256 352 256 464 0
w 368 320 208 320 0
w 368 304 160 304 0
w 160 272 160 304 0
w 208 272 208 320 0
w 112 272 112 432 0
w 368 432 112 432 0
w 64 272 64 416 0
w 64 416 368 416 0
x -63 176 -33 179 4 24 D0
x -4 175 26 178 4 24 D1
x 46 175 76 178 4 24 D2
x 99 175 129 178 4 24 D3
x 146 178 176 181 4 24 D4
x 196 179 226 182 4 24 D5
x 247 178 277 181 4 24 D6
L -48 272 -48 208 0 0 false 5 0
x 297 177 327 180 4 24 D7
x 577 530 606 533 4 24 S0
x 575 410 604 413 4 24 S1
x 572 310 601 313 4 24 S2
w 208 320 208 576 0
w 208 576 368 576 0
w 112 432 112 544 0
w 112 544 368 544 0
w 16 272 16 528 0
w 16 528 368 528 0
M 608 448 624 448 0 2.5
M 608 336 624 336 0 2.5
M 608 560 624 560 0 2.5
x -64 105 202 108 4 40 ENCODER\s3:8
x -69 37 310 40 4 50 João\sVitor\sMoura
