$ 1 0.000005 10.20027730826997 50 5 43 5e-11
f 352 192 416 192 20 1.5 0.02
f 336 320 416 320 52 1.5 0.02
f 336 256 416 256 52 1.5 0.02
f 160 112 224 112 53 1.5 0.02
f 368 112 416 112 53 1.5 0.02
f 272 112 320 112 53 1.5 0.02
w 224 96 224 80 0
w 320 96 320 80 0
w 416 96 416 80 0
w 416 176 416 160 0
w 352 192 160 192 0
w 416 304 416 272 0
w 416 240 416 208 0
R 224 80 224 48 0 0 40 3 0 0 0.5
w 224 80 320 80 0
w 320 80 416 80 0
g 416 336 416 368 0 0
w 416 128 416 160 0
M 416 160 464 160 0 2.5
L 160 192 128 192 0 1 false 3 0
L 176 256 128 256 0 1 false 3 0
L 160 320 128 320 0 1 false 3 0
w 176 256 336 256 0
w 160 320 336 320 0
w 224 128 224 160 0
w 320 128 320 160 0
w 224 160 320 160 0
w 320 160 416 160 0
w 160 320 160 112 0
w 176 256 176 224 0
w 176 224 272 224 0
w 272 224 272 112 0
w 352 192 352 112 0
w 352 112 368 112 0
x 209 31 417 34 4 30 NAND\s3\sINPUT
x 205 -10 387 -7 4 24 João\sVitor\sMoura
x 91 193 108 196 4 24 C
x 92 255 108 258 4 24 B
x 87 319 103 322 4 24 A
