$ 0 0.000005 1.0312258501325766 50 5 50 5e-11
L -128 144 -176 144 0 1 false 3 0
L -128 176 -176 176 0 1 false 3 0
153 112 160 256 160 0 2 0 3
w -128 144 112 144 0
w -128 176 112 176 0
153 304 112 416 112 0 2 0 3
w 112 176 112 224 0
w 288 192 288 160 0
w 256 160 288 160 0
w 288 128 288 160 0
w 288 128 304 128 0
w 112 144 112 112 0
w 304 96 112 96 0
w 112 112 112 96 0
153 304 208 416 208 0 2 0 3
w 288 192 304 192 0
w 416 112 416 128 0
w 416 208 416 160 0
w 560 96 560 80 0
w 560 80 656 80 0
w 656 112 656 160 0
w 656 160 656 208 0
w 672 208 656 208 0
w 80 272 544 272 0
w 656 304 656 288 0
w 656 304 656 368 0
w 672 368 656 368 0
w 288 192 288 400 0
w 672 400 304 400 0
w 304 400 288 400 0
w 768 96 768 144 0
w 768 144 800 144 0
w 768 224 768 176 0
w 768 176 800 176 0
M 912 160 992 160 0 2.5
w 768 384 928 384 0
w 560 176 560 208 0
w 560 144 560 96 0
w 560 144 528 144 0
w 544 272 544 240 0
w 560 240 672 240 0
w 656 208 656 288 0
w 560 208 560 224 0
w 560 224 560 240 0
w 544 240 560 240 0
w 304 224 112 224 0
153 656 96 768 96 0 2 0 3
153 560 160 656 160 0 2 0 3
153 672 384 768 384 0 2 3 3
153 416 144 528 144 0 2 3 3
153 672 224 768 224 0 2 3 3
153 800 160 912 160 0 2 0 3
x -220 143 -191 146 4 24 A0
x -218 188 -189 191 4 24 B0
x -76 304 92 307 4 24 Cin0\s(Always\s0)
x 1023 168 1052 171 4 24 S0
x 1023 536 1052 539 4 24 S1
x 878 731 942 734 4 24 Cout1
x -4 669 45 672 4 24 Cin1
x -239 557 -210 560 4 24 B1
x -238 514 -209 517 4 24 A1
153 800 528 912 528 0 2 0 3
153 672 592 768 592 0 2 0 3
153 416 512 528 512 0 2 0 3
153 672 752 768 752 0 2 3 3
153 560 528 656 528 0 2 0 3
153 656 464 768 464 0 2 3 3
w 304 592 112 592 0
w 544 608 560 608 0
w 560 592 560 608 0
w 560 576 560 592 0
w 656 576 656 656 0
w 560 608 672 608 0
w 544 640 544 608 0
w 560 512 528 512 0
w 560 512 560 464 0
w 560 544 560 576 0
w 768 752 928 752 0
M 912 528 992 528 0 2.5
w 768 544 800 544 0
w 768 592 768 544 0
w 768 512 800 512 0
w 768 464 768 512 0
w 304 768 288 768 0
w 672 768 304 768 0
w 288 560 288 768 0
w 672 736 656 736 0
w 656 672 656 736 0
w 656 672 656 656 0
w 80 640 544 640 0
w 672 576 656 576 0
w 656 528 656 576 0
w 656 480 656 528 0
w 560 448 656 448 0
w 560 464 560 448 0
w 416 576 416 528 0
w 416 480 416 496 0
w 288 560 304 560 0
153 304 576 416 576 0 2 0 3
w 112 480 112 464 0
w 304 464 112 464 0
w 112 512 112 480 0
w 288 496 304 496 0
w 288 496 288 528 0
w 256 528 288 528 0
w 288 560 288 528 0
w 112 544 112 592 0
153 304 480 416 480 0 2 3 3
w -144 544 112 544 0
w -144 512 112 512 0
153 112 528 256 528 0 2 0 3
L -144 544 -192 544 0 1 false 3 0
L -144 512 -192 512 0 0 false 3 0
x 1039 904 1068 907 4 24 S2
x 894 1101 958 1104 4 24 Cout2
x -273 923 -244 926 4 24 B2
x -272 883 -243 886 4 24 A2
153 816 896 928 896 0 2 0 3
153 688 960 784 960 0 2 0 3
153 432 880 544 880 0 2 0 3
153 688 1120 784 1120 0 2 3 3
153 576 896 672 896 0 2 0 3
153 672 832 784 832 0 2 3 3
w 320 960 128 960 0
w 560 976 576 976 0
w 576 960 576 976 0
w 576 944 576 960 0
w 672 944 672 1024 0
w 576 976 688 976 0
w 560 1008 560 976 0
w 576 880 544 880 0
w 576 880 576 832 0
w 576 912 576 944 0
w 784 1120 944 1120 0
M 928 896 1008 896 0 2.5
w 784 912 816 912 0
w 784 960 784 912 0
w 784 880 816 880 0
w 784 832 784 880 0
w 320 1136 304 1136 0
w 688 1136 320 1136 0
w 304 928 304 1136 0
w 688 1104 672 1104 0
w 672 1040 672 1104 0
w 672 1040 672 1024 0
w 96 1008 560 1008 0
w 688 944 672 944 0
w 672 896 672 944 0
w 672 848 672 896 0
w 576 816 672 816 0
w 576 832 576 816 0
w 432 944 432 896 0
w 432 848 432 864 0
w 304 928 320 928 0
153 320 944 432 944 0 2 3 3
w 128 848 128 832 0
w 320 832 128 832 0
w 128 880 128 848 0
w 304 864 320 864 0
w 304 864 304 896 0
w 272 896 304 896 0
w 304 928 304 896 0
w 128 912 128 960 0
153 320 848 432 848 0 2 0 3
w -176 912 128 912 0
w -176 880 128 880 0
153 128 896 272 896 0 2 0 3
L -176 912 -224 912 0 0 false 3 0
L -176 880 -224 880 0 1 false 3 0
x 1055 1336 1084 1339 4 24 S3
x 1038 1557 1142 1560 4 24 Carry\sOut
x 4 1473 53 1476 4 24 Cin3
x -275 1353 -246 1356 4 24 B3
x -274 1310 -245 1313 4 24 A3
153 832 1328 944 1328 0 2 3 3
153 704 1392 800 1392 0 2 0 3
153 448 1312 560 1312 0 2 3 3
153 704 1552 800 1552 0 2 0 3
153 592 1328 688 1328 0 2 0 3
153 688 1264 800 1264 0 2 0 3
w 336 1392 144 1392 0
w 576 1408 592 1408 0
w 592 1392 592 1408 0
w 592 1376 592 1392 0
w 688 1376 688 1456 0
w 592 1408 704 1408 0
w 576 1440 576 1408 0
w 592 1312 560 1312 0
w 592 1312 592 1264 0
w 592 1344 592 1376 0
w 800 1552 960 1552 0
M 960 1552 1024 1552 0 2.5
M 944 1328 1024 1328 0 2.5
w 800 1344 832 1344 0
w 800 1392 800 1344 0
w 800 1312 832 1312 0
w 800 1264 800 1312 0
w 336 1568 320 1568 0
w 704 1568 336 1568 0
w 320 1360 320 1568 0
w 704 1536 688 1536 0
w 688 1472 688 1536 0
w 688 1472 688 1456 0
w 112 1440 576 1440 0
w 704 1376 688 1376 0
w 688 1328 688 1376 0
w 688 1280 688 1328 0
w 592 1248 688 1248 0
w 592 1264 592 1248 0
w 448 1376 448 1328 0
w 448 1280 448 1296 0
w 320 1360 336 1360 0
153 336 1376 448 1376 0 2 0 3
w 144 1280 144 1264 0
w 336 1264 144 1264 0
w 144 1312 144 1280 0
w 320 1296 336 1296 0
w 320 1296 320 1328 0
w 288 1328 320 1328 0
w 320 1360 320 1328 0
w 144 1344 144 1392 0
153 336 1280 448 1280 0 2 0 3
w -176 1344 144 1344 0
w -176 1312 144 1312 0
153 144 1328 288 1328 0 2 3 3
L -176 1344 -224 1344 0 0 false 3 0
L -176 1312 -224 1312 0 0 false 3 0
g 80 272 32 272 0 0
w 928 384 928 432 0
w 928 432 -64 432 0
w -64 432 -64 640 0
w -64 640 80 640 0
w 928 752 928 800 0
w 928 800 -64 800 0
w 96 1008 -64 1008 0
w -64 1008 -64 800 0
w 112 1440 -64 1440 0
w -64 1440 -64 1200 0
w -64 1200 944 1200 0
w 944 1200 944 1120 0
x 9 1043 58 1046 4 24 Cin2
x -54 8 362 11 4 50 Somador\s4\sx\s4\sbits
x -61 -68 568 -65 4 50 João\sVitor\sMoura\sFigueiredo
