$ 1 0.000005 10.20027730826997 50 5 50 5e-11
155 128 240 208 240 0 5
155 288 240 352 240 0 0
155 464 240 560 240 0 5
R 80 304 48 304 1 2 100 2.5 2.5 0 0.5
w 80 304 80 272 0
w 80 272 128 272 0
w 80 304 80 336 0
w 80 336 288 336 0
w 288 336 288 272 0
w 288 336 464 336 0
w 464 336 464 272 0
w 224 240 240 240 0
w 240 240 240 384 0
w 240 384 608 384 0
w 384 240 400 240 0
w 400 240 400 352 0
w 560 240 576 240 0
w 576 240 576 368 0
w 400 352 400 368 0
M 240 384 240 432 2 2.5
M 400 368 400 432 2 2.5
M 576 368 576 432 2 2.5
w 400 352 640 352 0
w 576 368 672 368 0
w 608 384 608 96 0
w 640 352 640 96 0
w 672 368 672 96 0
150 128 128 128 192 0 2 5 5
w 608 96 608 -48 0
w 640 96 640 0 0
w 672 96 672 32 0
w 672 32 464 32 0
I 464 32 464 240 0 0.5 5
154 288 128 288 240 0 2 5 5
w 464 32 304 32 0
w 304 32 304 128 0
w 640 0 272 0 0
w 272 0 272 128 0
w 608 -48 112 -48 0
w 112 -48 112 128 0
w 272 0 128 0 0
w 128 0 128 32 0
w 304 32 160 32 0
151 144 32 144 128 0 2 5 5
150 64 64 64 192 0 3 0 5
w 112 -48 48 -48 0
w 128 0 64 0 0
w 64 0 64 64 0
w 160 32 80 32 0
w 80 32 80 64 0
I 48 -48 48 64 0 0.5 5
152 80 240 128 240 0 2 5 5
w 128 192 80 192 0
w 80 192 80 224 0
w 64 192 64 256 0
w 64 256 80 256 0
x 224 474 256 477 4 24 Q2
x 385 479 417 482 4 24 Q1
x 559 473 591 476 4 24 Q0

