$ 0 0.000005 10.20027730826997 50 5 50 5e-11
R 0 656 -48 656 1 2 100 2.5 2.5 0 0.5
R 64 512 -48 512 1 2 100 2.5 2.5 0 0.5
R -16 192 -48 192 1 2 100 2.5 2.5 0 0.5
f 64 464 64 384 52 1.5 0.02
f 64 304 64 352 53 1.5 0.02
L 0 368 -32 368 2 0 false 5 0
w 0 368 16 368 0
w 16 368 16 352 0
w 16 352 48 352 0
w 16 368 16 384 0
w 16 384 48 384 0
w 64 192 64 304 0
w 64 192 608 192 0
w 80 352 112 352 0
w 80 384 112 384 0
w 112 384 112 368 0
w 112 352 112 368 0
w 112 368 160 368 0
w 160 368 160 576 0
f 224 512 224 560 53 1.5 0.02
f 224 656 224 592 52 1.5 0.02
w 80 656 224 656 0
w 160 576 176 576 0
w 176 576 176 560 0
w 176 560 208 560 0
w 176 576 176 592 0
w 176 592 208 592 0
w 240 560 272 560 0
w 240 592 272 592 0
w 272 592 272 576 0
w 272 560 272 576 0
w 272 576 528 576 0
w 64 512 224 512 0
w 64 464 64 512 0
w 160 368 208 368 0
w 208 368 208 320 0
w 208 320 240 320 0
f 240 320 288 320 53 1.5 0.02
R 288 304 288 256 0 0 40 3 0 0 0.5
w 288 336 288 368 0
w 288 368 320 368 0
w 288 368 288 400 0
f 240 416 288 416 52 1.5 0.02
w 208 368 208 416 0
w 208 416 240 416 0
g 288 432 288 464 0 0
g 448 432 448 464 0 0
w 368 416 400 416 0
w 368 368 368 416 0
f 400 416 448 416 52 1.5 0.02
w 448 368 448 400 0
w 448 368 528 368 0
w 448 336 448 368 0
R 448 304 448 256 0 0 40 3 0 0 0.5
f 400 320 448 320 53 1.5 0.02
w 368 320 400 320 0
w 368 368 368 320 0
w 320 368 368 368 0
w 528 368 528 576 0
w 528 368 560 368 0
f 608 288 608 352 52 1.5 0.02
w 592 352 560 352 0
w 560 368 560 352 0
w 560 368 560 384 0
w 560 384 592 384 0
f 608 448 608 384 53 1.5 0.02
w 608 288 608 192 0
w 224 512 608 512 0
w 608 512 608 448 0
w 624 352 656 352 0
w 624 384 656 384 0
w 656 352 656 368 0
w 656 384 656 368 0
w 656 368 688 368 0
w 688 368 736 368 0
w 736 368 736 320 0
w 736 320 768 320 0
f 768 320 816 320 53 1.5 0.02
R 816 304 816 256 0 0 40 3 0 0 0.5
w 816 336 816 368 0
w 816 368 864 368 0
w 816 368 816 400 0
f 768 416 816 416 52 1.5 0.02
w 736 368 736 416 0
w 736 416 768 416 0
g 816 432 816 464 0 0
w 864 368 912 368 0
w 912 368 912 320 0
w 912 320 944 320 0
f 944 320 992 320 53 1.5 0.02
R 992 304 992 256 0 0 40 3 0 0 0.5
w 992 336 992 368 0
w 992 368 1088 368 0
w 992 368 992 400 0
f 944 416 992 416 52 1.5 0.02
w 912 368 912 416 0
w 912 416 944 416 0
g 992 432 992 464 0 0
w 928 576 960 576 0
w 928 592 928 576 0
w 928 560 928 576 0
w 896 592 928 592 0
w 896 560 928 560 0
f 880 656 880 592 53 1.5 0.02
w 832 592 864 592 0
w 832 576 832 592 0
w 832 576 832 560 0
w 864 560 832 560 0
f 880 512 880 560 52 1.5 0.02
w 800 576 832 576 0
w 688 368 688 576 0
w 688 576 800 576 0
w 224 656 880 656 0
w 608 512 880 512 0
w 960 576 1088 576 0
w 1088 576 1088 368 0
w 1088 368 1120 368 0
I -16 192 64 192 0 0.5 5
I 0 656 80 656 0 0.5 5
M 1120 368 1168 368 2 2.5
x -61 116 630 119 4 50 Flip-flop\susando\schaves\sCMOS
x -61 48 242 51 4 40 Joao\sVitor\sMoura
x -68 369 -47 372 4 30 D
x 1187 375 1210 378 4 30 Q
