$ 1 0.000005 10.20027730826997 50 5 50 5e-11
155 -240 160 -208 160 0 5
155 -96 160 -64 160 0 5
155 32 160 64 160 0 5
155 160 160 192 160 0 5
155 288 160 320 160 0 5
155 416 160 448 160 0 5
155 544 160 576 160 0 5
155 672 160 704 160 0 5
R -288 240 -272 240 1 2 50 2.5 2.5 0 0.5
L -240 160 -304 160 2 1 false 5 0
w -288 240 -288 192 0
w -288 192 -240 192 0
w -240 192 -240 256 0
w -240 256 -112 256 0
w -112 256 -112 192 0
w -112 192 -96 192 0
w -112 256 32 256 0
w 32 256 32 192 0
w 32 256 160 256 0
w 160 256 160 192 0
w 160 256 288 256 0
w 288 256 288 192 0
w 288 256 416 256 0
w 416 256 416 192 0
w 416 256 544 256 0
w 544 256 544 192 0
w 544 256 672 256 0
w 672 256 672 192 0
w -144 160 -96 160 0
w 0 160 32 160 0
w 128 160 160 160 0
w 256 160 288 160 0
w 384 160 416 160 0
w 512 160 544 160 0
w 640 160 672 160 0
w -144 160 -144 192 0
w -144 192 -128 192 0
w -128 192 -128 288 0
M -128 288 -128 336 2 2.5
M 16 288 16 336 2 2.5
w 0 160 0 192 0
w 0 192 16 192 0
w 16 192 16 272 0
w 16 272 16 288 0
w 128 160 128 192 0
w 128 192 144 192 0
w 144 192 144 288 0
M 144 288 144 336 2 2.5
w 256 160 256 192 0
w 256 192 272 192 0
w 272 192 272 288 0
M 272 288 272 336 2 2.5
w 384 160 384 192 0
w 384 192 400 192 0
w 400 192 400 288 0
M 400 288 400 336 2 2.5
w 512 160 512 192 0
w 512 192 528 192 0
w 528 192 528 288 0
M 528 288 528 336 2 2.5
w 640 160 640 192 0
w 640 192 656 192 0
w 656 192 656 288 0
M 656 288 656 336 2 2.5

