$ 1 0.000005 10.20027730826997 50 5 43 5e-11
155 528 240 544 240 2 5
w 624 240 624 160 0
w 528 240 528 208 0
L 528 208 528 192 0 1 false 5 0
M 624 160 624 128 0 2.5
L 48 208 48 192 0 1 false 5 0
w 48 240 48 208 0
w 144 240 144 160 0
155 48 240 64 240 2 5
L 208 208 208 192 0 1 false 5 0
w 208 240 208 208 0
w 304 240 304 160 0
155 208 240 224 240 2 5
L 368 208 368 192 0 0 false 5 0
w 368 240 368 208 0
w 464 240 464 160 0
155 368 240 384 240 2 0
R -16 368 -64 368 1 2 30 2.5 2.5 0 0.2
w 208 272 176 272 0
w 176 272 176 368 0
w 368 272 336 272 0
w 336 272 336 368 0
w 528 272 496 272 0
w 496 272 496 368 0
w 48 272 16 272 0
w 16 272 16 368 0
w -16 368 16 368 0
w 16 368 176 368 0
w 176 368 336 368 0
w 336 368 496 368 0
w 48 304 48 400 0
w 208 304 208 400 0
w 368 304 368 400 0
w 528 304 528 400 0
w 528 400 368 400 0
w 368 400 208 400 0
w 208 400 48 400 0
w 48 400 -16 400 0
L -16 400 -64 400 0 0 false 5 0
M 464 160 464 128 0 2.5
M 304 160 304 128 0 2.5
M 144 160 144 128 0 2.5
w 688 304 688 400 0
w 688 272 656 272 0
M 784 160 784 128 0 2.5
L 688 208 688 192 0 0 false 5 0
w 688 240 688 208 0
w 784 240 784 160 0
155 688 240 704 240 2 0
155 848 240 864 240 2 5
w 944 240 944 160 0
w 848 240 848 208 0
L 848 208 848 192 0 1 false 5 0
M 944 160 944 128 0 2.5
w 848 272 816 272 0
w 848 304 848 400 0
155 1008 240 1024 240 2 0
w 1104 240 1104 160 0
w 1008 240 1008 208 0
L 1008 208 1008 192 0 0 false 5 0
M 1104 160 1104 128 0 2.5
w 1008 272 976 272 0
w 1008 304 1008 400 0
w 1168 304 1168 400 0
w 1168 272 1136 272 0
L 1168 208 1168 192 0 0 false 5 0
w 1168 240 1168 208 0
w 1264 240 1264 160 0
155 1168 240 1184 240 2 0
w 528 400 688 400 0
w 688 400 848 400 0
w 848 400 1008 400 0
w 1008 400 1168 400 0
w 656 272 656 368 0
w 816 272 816 368 0
w 976 272 976 368 0
w 1136 272 1136 368 0
w 496 368 656 368 0
w 656 368 816 368 0
w 816 368 976 368 0
w 976 368 1136 368 0
M 1264 160 1264 128 0 2.5
x -3 29 444 32 4 35 Registrador\sparalelo\sde\s8bits
x -5 -26 435 -23 4 35 Joao\sVitor\sMoura\sFigueirêdo
x 31 171 61 174 4 24 D7
x 135 109 167 112 4 24 Q7
x 201 171 231 174 4 24 D6
x 289 109 321 112 4 24 Q6
x 353 174 383 177 4 24 D5
x 447 114 479 117 4 24 Q5
x 513 178 543 181 4 24 D4
x 672 180 702 183 4 24 D3
x 925 112 957 115 4 24 Q2
x 831 171 861 174 4 24 D2
x 992 177 1022 180 4 24 D1
x 1089 114 1121 117 4 24 Q1
x 769 112 801 115 4 24 Q3
x 609 111 641 114 4 24 Q4
x 1251 112 1283 115 4 24 Q0
x 1154 173 1184 176 4 24 D0
